2                            # iprint
1                            # nproc
10                           # lmax
302                          # ngrid
0                            # igrad
7                            # iconv
1                            # iscrf
2. 78.3553                   # eps
1                            # iunit
0.1 -0.                      # eta, se
12                           # nsph
-0.04192   0.00000   2.29035   1.32281   4.00253
-0.04192   0.00000   2.29035  -1.32281   4.00253
-0.04198   0.00000   0.00000  -2.64562   4.00253
-0.04192   0.00000  -2.29035  -1.32281   4.00253
-0.04192   0.00000  -2.29035   1.32281   4.00253
-0.04198   0.00000   0.00000   2.64562   4.00253
 0.04193   0.00103   4.05914   2.34326   2.99956
 0.04193   0.00103   4.05914  -2.34326   2.99956
 0.04197   0.00000   0.00000  -4.68652   2.99956
 0.04193  -0.00103  -4.05914  -2.34326   2.99956
 0.04193  -0.00103  -4.05914   2.34326   2.99956
 0.04197   0.00000   0.00000   4.68652   2.99956
